0,5858.03174,10782.68253,17700.28571,13262.53967,17344.9365,100000
5858.03174,0,5053.523805,23558.31745,19120.57141,23202.96823,100000
10782.68253,5053.523805,0,28482.96823,24045.2222,28127.61902,100000
17700.28571,23558.31745,28482.96823,0,17260.28571,25227.19046,100000
13262.53967,19120.57141,24045.2222,17260.28571,0,20918.31745,100000
17344.9365,23202.96823,28127.61902,25227.19046,20918.31745,0,100000
20402.82538,14673.66666,9620.142854,38103.11109,33665.36506,37747.76188,0
