0.0,5858.03173955,10782.6825279,17700.285707,13262.5396744,17344.9364954,20402.8253814
5858.03173955,0.0,5053.52380466,23558.3174466,19120.571414,23202.9682349,14673.6666582
10782.6825279,5053.52380466,0.0,28482.9682349,24045.2222024,28127.6190233,9620.1428535
17700.285707,23558.3174466,28482.9682349,0.0,17260.285707,25227.1904628,38103.1110884
13262.5396744,19120.571414,24045.2222024,17260.285707,0.0,20918.3174466,33665.3650559
17344.9364954,23202.9682349,28127.6190233,25227.1904628,20918.3174466,0.0,37747.7618768
20402.8253814,14673.6666582,9620.1428535,38103.1110884,33665.3650559,37747.7618768,0.0
